|------------------|
| 2         4   6 9|
| 1         6   4  |
|   4         7    |
|         3   8 5  |
| 8 1     2        |
| 9                |
|     7 1         2|
|           2 3   4|
| 5   2            |
|------------------|
|------------------|
|       3   4   8  |
| 3     8 2     1 4|
| 1 8     5     3  |
|   5   6       9  |
|   9     8     6  |
|   4       9   2  |
|   6 7   3     5 9|
| 9 1     6 2     3|
|   3   5   8      |
|------------------|
|------------------|
|       3   4   8  |
| 3     8 2     1 4|
| 1 8     5     3  |
|   5   6       9  |
|   9     8     6  |
|   4       9   a  |
|   6 7   3     5 9|
| 9 1     6 2     3|
|   3   5   8      |
|------------------|
|------------------|
|       3   4   8  |
| 3     8 2     1 4|
| 1 8     5     3  |
|   5   6       9  |
|   9     8     6  |
|   4       9   2  |
|   6 7   3     5 9|
| 9 1     6 2     3|
|   3   5   8      |
|------------------|
